0.673,0.44,0.067,0.408,0.158,0.008,0.201,0.26,0.07,0.882,0.815,0.129,0.182,0.145,0.005,0.247,0.378,0.126,0.882,0.815,0.129,0.182,0.145,0.005,0.247,0.378,0.126,1.255,1.509,0.324,0.346,0.158,0.005,0.453,0.783,0.3,1.255,1.509,0.324,0.346,0.158,0.005,0.453,0.783,0.3,5.933,5.164,1.021,1.93,0.777,0.043,1.756,2.874,0.898,5.933,5.164,1.021,1.93,0.777,0.043,1.756,2.874,0.898,4.346,3.303,0.477,2.668,0.855,0.027,1.016,1.499,0.416,4.346,3.303,0.477,2.668,0.855,0.027,1.016,1.499,0.416,
0.097,0.051,0.005,0.11,0.051,0.0,0.075,0.062,0.013,0.054,0.016,0.0,0.029,0.019,0.0,0.048,0.046,0.003,0.054,0.016,0.0,0.029,0.019,0.0,0.048,0.046,0.003,0.129,0.07,0.0,0.083,0.038,0.0,0.121,0.11,0.011,0.129,0.07,0.0,0.083,0.038,0.0,0.121,0.11,0.011,0.458,0.3,0.024,0.469,0.166,0.0,0.458,0.429,0.019,0.458,0.3,0.024,0.469,0.166,0.0,0.458,0.429,0.019,0.365,0.126,0.003,0.52,0.15,0.0,0.22,0.257,0.027,0.365,0.126,0.003,0.52,0.15,0.0,0.22,0.257,0.027,
0.054,0.188,0.048,0.056,0.088,0.005,0.115,0.335,0.121,0.07,0.601,0.113,0.088,0.22,0.011,0.08,0.804,0.172,0.07,0.601,0.113,0.088,0.22,0.011,0.08,0.804,0.172,0.075,0.434,0.18,0.094,0.129,0.005,0.086,0.812,0.223,0.075,0.434,0.18,0.094,0.129,0.005,0.086,0.812,0.223,0.34,2.11,0.692,0.416,0.818,0.062,0.619,3.855,1.206,0.34,2.11,0.692,0.416,0.818,0.062,0.619,3.855,1.206,0.193,1.129,0.357,0.265,0.603,0.024,0.34,2.126,0.55,0.193,1.129,0.357,0.265,0.603,0.024,0.34,2.126,0.55,
0.046,0.397,0.091,0.038,0.091,0.003,0.029,0.19,0.051,0.107,0.973,0.139,0.064,0.349,0.008,0.038,0.37,0.11,0.107,0.973,0.139,0.064,0.349,0.008,0.038,0.37,0.11,0.051,0.515,0.214,0.011,0.115,0.005,0.035,0.338,0.158,0.051,0.515,0.214,0.011,0.115,0.005,0.035,0.338,0.158,0.306,2.976,0.812,0.273,0.745,0.091,0.217,1.646,0.807,0.306,2.976,0.812,0.273,0.745,0.091,0.217,1.646,0.807,0.166,1.322,0.308,0.18,0.606,0.043,0.099,0.724,0.373,0.166,1.322,0.308,0.18,0.606,0.043,0.099,0.724,0.373,
0.169,0.166,0.024,0.123,0.062,0.0,0.072,0.094,0.008,0.07,0.129,0.005,0.056,0.07,0.003,0.054,0.113,0.013,0.07,0.129,0.005,0.056,0.07,0.003,0.054,0.113,0.013,0.099,0.145,0.003,0.075,0.08,0.003,0.064,0.139,0.013,0.099,0.145,0.003,0.075,0.08,0.003,0.064,0.139,0.013,0.491,0.475,0.062,0.662,0.429,0.011,0.416,0.665,0.147,0.491,0.475,0.062,0.662,0.429,0.011,0.416,0.665,0.147,0.464,0.386,0.04,0.676,0.255,0.005,0.228,0.362,0.07,0.464,0.386,0.04,0.676,0.255,0.005,0.228,0.362,0.07,
0.303,0.198,0.024,0.501,0.214,0.0,0.499,0.971,0.268,0.276,0.303,0.027,0.206,0.11,0.005,0.389,1.134,0.424,0.276,0.303,0.027,0.206,0.11,0.005,0.389,1.134,0.424,0.399,0.472,0.056,0.332,0.193,0.013,0.708,1.772,0.555,0.399,0.472,0.056,0.332,0.193,0.013,0.708,1.772,0.555,2.571,2.086,0.22,1.705,0.807,0.029,2.909,6.394,1.863,2.571,2.086,0.22,1.705,0.807,0.029,2.909,6.394,1.863,1.617,1.177,0.139,1.987,0.697,0.011,1.606,3.619,1.397,1.617,1.177,0.139,1.987,0.697,0.011,1.606,3.619,1.397,
0.048,0.153,0.021,0.038,0.07,0.011,0.048,0.161,0.019,0.032,0.115,0.008,0.019,0.04,0.003,0.035,0.126,0.032,0.032,0.115,0.008,0.019,0.04,0.003,0.035,0.126,0.032,0.032,0.155,0.029,0.054,0.064,0.0,0.059,0.204,0.04,0.032,0.155,0.029,0.054,0.064,0.0,0.059,0.204,0.04,0.198,0.52,0.107,0.214,0.373,0.011,0.214,0.783,0.19,0.198,0.52,0.107,0.214,0.373,0.011,0.214,0.783,0.19,0.11,0.357,0.054,0.155,0.217,0.005,0.145,0.458,0.113,0.11,0.357,0.054,0.155,0.217,0.005,0.145,0.458,0.113,
0.233,0.15,0.008,0.324,0.139,0.0,0.115,0.134,0.038,0.15,0.11,0.011,0.113,0.086,0.0,0.102,0.131,0.016,0.15,0.11,0.011,0.113,0.086,0.0,0.102,0.131,0.016,0.357,0.362,0.032,0.271,0.233,0.0,0.231,0.284,0.032,0.357,0.362,0.032,0.271,0.233,0.0,0.231,0.284,0.032,2.185,1.638,0.153,2.507,0.925,0.021,1.013,1.314,0.209,2.185,1.638,0.153,2.507,0.925,0.021,1.013,1.314,0.209,1.107,0.745,0.038,2.952,1.054,0.013,0.601,0.705,0.107,1.107,0.745,0.038,2.952,1.054,0.013,0.601,0.705,0.107,
0.019,0.252,0.113,0.019,0.147,0.013,0.013,0.231,0.099,0.011,0.164,0.051,0.0,0.067,0.005,0.005,0.115,0.07,0.011,0.164,0.051,0.0,0.067,0.005,0.005,0.115,0.07,0.035,0.705,0.225,0.04,0.375,0.024,0.005,0.571,0.209,0.035,0.705,0.225,0.04,0.375,0.024,0.005,0.571,0.209,0.161,1.622,0.641,0.113,0.834,0.113,0.113,1.311,0.815,0.161,1.622,0.641,0.113,0.834,0.113,0.113,1.311,0.815,0.043,0.622,0.204,0.094,0.542,0.043,0.029,0.574,0.343,0.043,0.622,0.204,0.094,0.542,0.043,0.029,0.574,0.343,
0.493,0.349,0.048,0.3,0.094,0.003,0.142,0.206,0.035,0.257,0.265,0.019,0.113,0.086,0.005,0.11,0.236,0.04,0.257,0.265,0.019,0.113,0.086,0.005,0.11,0.236,0.04,0.536,0.496,0.054,0.22,0.15,0.008,0.265,0.378,0.07,0.536,0.496,0.054,0.22,0.15,0.008,0.265,0.378,0.07,3.434,3.051,0.362,2.016,0.954,0.059,1.389,2.164,0.41,3.434,3.051,0.362,2.016,0.954,0.059,1.389,2.164,0.41,1.82,1.378,0.145,2.346,0.794,0.021,0.673,1.102,0.172,1.82,1.378,0.145,2.346,0.794,0.021,0.673,1.102,0.172,
0.113,0.123,0.013,0.056,0.027,0.0,0.059,0.07,0.011,0.067,0.086,0.003,0.024,0.011,0.0,0.029,0.043,0.003,0.067,0.086,0.003,0.024,0.011,0.0,0.029,0.043,0.003,0.113,0.118,0.005,0.048,0.021,0.0,0.046,0.102,0.029,0.113,0.118,0.005,0.048,0.021,0.0,0.046,0.102,0.029,0.863,0.796,0.07,0.45,0.249,0.011,0.365,0.635,0.139,0.863,0.796,0.07,0.45,0.249,0.011,0.365,0.635,0.139,0.493,0.437,0.043,0.579,0.228,0.005,0.185,0.343,0.086,0.493,0.437,0.043,0.579,0.228,0.005,0.185,0.343,0.086,
0.07,0.206,0.029,0.051,0.062,0.003,0.054,0.263,0.086,0.056,0.233,0.043,0.032,0.064,0.0,0.027,0.295,0.086,0.056,0.233,0.043,0.032,0.064,0.0,0.027,0.295,0.086,0.072,0.303,0.091,0.083,0.123,0.008,0.094,0.643,0.26,0.072,0.303,0.091,0.083,0.123,0.008,0.094,0.643,0.26,0.453,1.327,0.338,0.394,0.493,0.038,0.525,2.072,0.796,0.453,1.327,0.338,0.394,0.493,0.038,0.525,2.072,0.796,0.198,0.716,0.142,0.236,0.421,0.029,0.292,1.185,0.399,0.198,0.716,0.142,0.236,0.421,0.029,0.292,1.185,0.399,
0.08,0.158,0.048,0.051,0.113,0.003,0.204,0.515,0.155,0.029,0.145,0.059,0.032,0.07,0.016,0.142,0.405,0.155,0.029,0.145,0.059,0.032,0.07,0.016,0.142,0.405,0.155,0.083,0.429,0.145,0.038,0.051,0.003,0.212,0.686,0.303,0.083,0.429,0.145,0.038,0.051,0.003,0.212,0.686,0.303,0.383,0.855,0.287,0.206,0.308,0.048,0.826,2.37,1.008,0.383,0.855,0.287,0.206,0.308,0.048,0.826,2.37,1.008,0.18,0.525,0.155,0.284,0.338,0.048,0.592,1.962,0.499,0.18,0.525,0.155,0.284,0.338,0.048,0.592,1.962,0.499,
0.054,0.284,0.021,0.019,0.067,0.003,0.021,0.139,0.051,0.059,0.343,0.043,0.029,0.097,0.0,0.013,0.158,0.032,0.059,0.343,0.043,0.029,0.097,0.0,0.013,0.158,0.032,0.048,0.314,0.043,0.032,0.072,0.0,0.032,0.209,0.064,0.048,0.314,0.043,0.032,0.072,0.0,0.032,0.209,0.064,0.397,1.764,0.298,0.15,0.501,0.086,0.147,0.925,0.362,0.397,1.764,0.298,0.15,0.501,0.086,0.147,0.925,0.362,0.182,0.818,0.088,0.134,0.354,0.021,0.075,0.464,0.169,0.182,0.818,0.088,0.134,0.354,0.021,0.075,0.464,0.169,
0.046,0.324,0.038,0.021,0.158,0.003,0.024,0.247,0.038,0.021,0.214,0.005,0.016,0.059,0.0,0.005,0.164,0.035,0.021,0.214,0.005,0.016,0.059,0.0,0.005,0.164,0.035,0.046,0.909,0.094,0.032,0.365,0.013,0.048,0.525,0.094,0.046,0.909,0.094,0.032,0.365,0.013,0.048,0.525,0.094,0.185,1.491,0.155,0.099,0.643,0.029,0.115,1.15,0.223,0.185,1.491,0.155,0.099,0.643,0.029,0.115,1.15,0.223,0.083,0.743,0.062,0.056,0.284,0.003,0.059,0.501,0.088,0.083,0.743,0.062,0.056,0.284,0.003,0.059,0.501,0.088,
0.169,0.214,0.029,0.188,0.212,0.008,0.139,0.332,0.072,0.145,0.338,0.043,0.094,0.105,0.008,0.11,0.367,0.088,0.145,0.338,0.043,0.094,0.105,0.008,0.11,0.367,0.088,0.228,0.555,0.15,0.204,0.209,0.011,0.22,1.276,0.212,0.228,0.555,0.15,0.204,0.209,0.011,0.22,1.276,0.212,1.233,1.74,0.402,0.847,0.954,0.043,0.987,3.378,0.794,1.233,1.74,0.402,0.847,0.954,0.043,0.987,3.378,0.794,0.748,1.214,0.26,0.914,0.912,0.04,0.66,2.013,0.373,0.748,1.214,0.26,0.914,0.912,0.04,0.66,2.013,0.373,
0.137,0.193,0.032,0.158,0.228,0.011,0.123,0.29,0.048,0.094,0.22,0.032,0.088,0.172,0.003,0.083,0.354,0.075,0.094,0.22,0.032,0.088,0.172,0.003,0.083,0.354,0.075,0.18,0.464,0.131,0.206,0.351,0.011,0.284,0.981,0.19,0.18,0.464,0.131,0.206,0.351,0.011,0.284,0.981,0.19,1.185,1.799,0.33,1.172,1.389,0.099,1.046,2.922,0.668,1.185,1.799,0.33,1.172,1.389,0.099,1.046,2.922,0.668,0.71,1.046,0.137,1.035,1.319,0.043,0.536,1.692,0.421,0.71,1.046,0.137,1.035,1.319,0.043,0.536,1.692,0.421,
0.303,0.239,0.029,0.601,0.196,0.003,0.137,0.177,0.029,0.217,0.185,0.016,0.223,0.174,0.008,0.161,0.182,0.038,0.217,0.185,0.016,0.223,0.174,0.008,0.161,0.182,0.038,0.525,0.491,0.038,0.625,0.373,0.008,0.357,0.491,0.091,0.525,0.491,0.038,0.625,0.373,0.008,0.357,0.491,0.091,2.426,1.727,0.174,3.517,1.689,0.035,1.386,1.858,0.365,2.426,1.727,0.174,3.517,1.689,0.035,1.386,1.858,0.365,1.41,0.952,0.091,4.542,1.598,0.04,0.802,1.054,0.182,1.41,0.952,0.091,4.542,1.598,0.04,0.802,1.054,0.182,
0.046,0.048,0.005,0.027,0.011,0.0,0.016,0.048,0.003,0.024,0.088,0.005,0.016,0.046,0.0,0.008,0.054,0.011,0.024,0.088,0.005,0.016,0.046,0.0,0.008,0.054,0.011,0.013,0.046,0.005,0.019,0.021,0.0,0.008,0.038,0.008,0.013,0.046,0.005,0.019,0.021,0.0,0.008,0.038,0.008,0.072,0.177,0.011,0.075,0.134,0.0,0.067,0.172,0.027,0.072,0.177,0.011,0.075,0.134,0.0,0.067,0.172,0.027,0.094,0.174,0.013,0.046,0.075,0.0,0.029,0.107,0.021,0.094,0.174,0.013,0.046,0.075,0.0,0.029,0.107,0.021,
0.139,0.166,0.021,0.083,0.064,0.003,0.051,0.126,0.021,0.059,0.153,0.019,0.051,0.099,0.003,0.04,0.169,0.038,0.059,0.153,0.019,0.051,0.099,0.003,0.04,0.169,0.038,0.029,0.137,0.011,0.048,0.078,0.0,0.027,0.177,0.021,0.029,0.137,0.011,0.048,0.078,0.0,0.027,0.177,0.021,0.249,0.515,0.038,0.354,0.44,0.016,0.201,0.716,0.099,0.249,0.515,0.038,0.354,0.44,0.016,0.201,0.716,0.099,0.231,0.324,0.027,0.271,0.287,0.003,0.131,0.33,0.062,0.231,0.324,0.027,0.271,0.287,0.003,0.131,0.33,0.062,
