1.234,1.07,0.193,0.532,0.194,0.007,0.358,0.547,0.172,1.34,1.146,0.199,0.563,0.216,0.01,0.367,0.596,0.185,1.34,1.146,0.199,0.563,0.216,0.01,0.367,0.596,0.185,1.59,1.37,0.242,0.68,0.258,0.011,0.445,0.714,0.217,1.59,1.37,0.242,0.68,0.258,0.011,0.445,0.714,0.217,5.068,4.287,0.777,2.123,0.799,0.034,1.401,2.235,0.698,5.068,4.287,0.777,2.123,0.799,0.034,1.401,2.235,0.698,3.923,3.359,0.596,1.66,0.632,0.026,1.099,1.735,0.539,3.923,3.359,0.596,1.66,0.632,0.026,1.099,1.735,0.539,
0.11,0.054,0.003,0.122,0.041,0.0,0.095,0.095,0.007,0.114,0.057,0.003,0.13,0.044,0.0,0.097,0.096,0.008,0.114,0.057,0.003,0.13,0.044,0.0,0.097,0.096,0.008,0.137,0.067,0.004,0.153,0.052,0.0,0.126,0.127,0.008,0.137,0.067,0.004,0.153,0.052,0.0,0.126,0.127,0.008,0.407,0.21,0.011,0.454,0.155,0.0,0.345,0.341,0.026,0.407,0.21,0.011,0.454,0.155,0.0,0.345,0.341,0.026,0.336,0.173,0.01,0.366,0.131,0.0,0.282,0.279,0.021,0.336,0.173,0.01,0.366,0.131,0.0,0.282,0.279,0.021,
0.075,0.429,0.133,0.092,0.184,0.011,0.13,0.777,0.222,0.073,0.469,0.147,0.095,0.195,0.01,0.126,0.825,0.236,0.073,0.469,0.147,0.095,0.195,0.01,0.126,0.825,0.236,0.091,0.577,0.184,0.115,0.242,0.014,0.152,1.004,0.299,0.091,0.577,0.184,0.115,0.242,0.014,0.152,1.004,0.299,0.278,1.665,0.503,0.358,0.693,0.04,0.476,2.97,0.838,0.278,1.665,0.503,0.358,0.693,0.04,0.476,2.97,0.838,0.215,1.347,0.416,0.271,0.562,0.031,0.368,2.379,0.678,0.215,1.347,0.416,0.271,0.562,0.031,0.368,2.379,0.678,
0.071,0.606,0.155,0.058,0.182,0.014,0.04,0.325,0.148,0.071,0.655,0.165,0.057,0.205,0.015,0.044,0.354,0.16,0.071,0.655,0.165,0.057,0.205,0.015,0.044,0.354,0.16,0.088,0.796,0.211,0.069,0.252,0.021,0.051,0.426,0.201,0.088,0.796,0.211,0.069,0.252,0.021,0.051,0.426,0.201,0.254,2.268,0.563,0.223,0.686,0.053,0.157,1.186,0.54,0.254,2.268,0.563,0.223,0.686,0.053,0.157,1.186,0.54,0.204,1.855,0.466,0.167,0.575,0.045,0.126,0.986,0.457,0.204,1.855,0.466,0.167,0.575,0.045,0.126,0.986,0.457,
0.141,0.144,0.014,0.17,0.094,0.002,0.092,0.142,0.027,0.137,0.139,0.014,0.165,0.094,0.002,0.086,0.143,0.027,0.137,0.139,0.014,0.165,0.094,0.002,0.086,0.143,0.027,0.167,0.162,0.017,0.202,0.112,0.002,0.104,0.169,0.031,0.167,0.162,0.017,0.202,0.112,0.002,0.104,0.169,0.031,0.483,0.482,0.049,0.614,0.334,0.008,0.31,0.508,0.093,0.483,0.482,0.049,0.614,0.334,0.008,0.31,0.508,0.093,0.385,0.389,0.039,0.476,0.265,0.007,0.246,0.406,0.076,0.385,0.389,0.039,0.476,0.265,0.007,0.246,0.406,0.076,
0.501,0.415,0.043,0.467,0.193,0.005,0.611,1.339,0.437,0.521,0.431,0.048,0.484,0.207,0.006,0.619,1.434,0.47,0.521,0.431,0.048,0.484,0.207,0.006,0.619,1.434,0.47,0.623,0.519,0.059,0.584,0.248,0.007,0.744,1.682,0.553,0.623,0.519,0.059,0.584,0.248,0.007,0.744,1.682,0.553,1.963,1.602,0.181,1.824,0.781,0.022,2.357,5.298,1.714,1.963,1.602,0.181,1.824,0.781,0.022,2.357,5.298,1.714,1.574,1.276,0.141,1.418,0.598,0.018,1.819,4.166,1.341,1.574,1.276,0.141,1.418,0.598,0.018,1.819,4.166,1.341,
0.048,0.14,0.023,0.054,0.082,0.003,0.059,0.179,0.045,0.042,0.132,0.022,0.051,0.079,0.003,0.052,0.178,0.045,0.042,0.132,0.022,0.051,0.079,0.003,0.052,0.178,0.045,0.051,0.162,0.027,0.061,0.099,0.004,0.063,0.218,0.05,0.051,0.162,0.027,0.061,0.099,0.004,0.063,0.218,0.05,0.159,0.48,0.08,0.181,0.285,0.01,0.187,0.649,0.145,0.159,0.48,0.08,0.181,0.285,0.01,0.187,0.649,0.145,0.12,0.398,0.065,0.147,0.238,0.009,0.149,0.519,0.12,0.12,0.398,0.065,0.147,0.238,0.009,0.149,0.519,0.12,
0.396,0.297,0.026,0.597,0.236,0.004,0.199,0.252,0.041,0.426,0.314,0.024,0.648,0.263,0.004,0.212,0.268,0.042,0.426,0.314,0.024,0.648,0.263,0.004,0.212,0.268,0.042,0.504,0.371,0.027,0.775,0.313,0.005,0.256,0.317,0.049,0.504,0.371,0.027,0.775,0.313,0.005,0.256,0.317,0.049,1.485,1.113,0.092,2.323,0.902,0.013,0.77,0.952,0.148,1.485,1.113,0.092,2.323,0.902,0.013,0.77,0.952,0.148,1.224,0.917,0.072,1.911,0.749,0.011,0.627,0.776,0.125,1.224,0.917,0.072,1.911,0.749,0.011,0.627,0.776,0.125,
0.026,0.324,0.116,0.026,0.196,0.02,0.019,0.283,0.151,0.028,0.363,0.137,0.028,0.212,0.022,0.016,0.31,0.174,0.028,0.363,0.137,0.028,0.212,0.022,0.016,0.31,0.174,0.032,0.423,0.154,0.033,0.245,0.025,0.02,0.358,0.19,0.032,0.423,0.154,0.033,0.245,0.025,0.02,0.358,0.19,0.099,1.236,0.451,0.104,0.729,0.071,0.064,1.021,0.563,0.099,1.236,0.451,0.104,0.729,0.071,0.064,1.021,0.563,0.082,1.011,0.366,0.082,0.576,0.057,0.048,0.829,0.45,0.082,1.011,0.366,0.082,0.576,0.057,0.048,0.829,0.45,
0.629,0.53,0.06,0.483,0.2,0.011,0.259,0.391,0.075,0.683,0.573,0.064,0.515,0.218,0.01,0.268,0.428,0.08,0.683,0.573,0.064,0.515,0.218,0.01,0.268,0.428,0.08,0.813,0.689,0.077,0.622,0.264,0.013,0.32,0.512,0.094,0.813,0.689,0.077,0.622,0.264,0.013,0.32,0.512,0.094,2.457,2.053,0.23,1.875,0.767,0.037,0.971,1.513,0.26,2.457,2.053,0.23,1.875,0.767,0.037,0.971,1.513,0.26,2.002,1.695,0.19,1.53,0.64,0.03,0.776,1.235,0.223,2.002,1.695,0.19,1.53,0.64,0.03,0.776,1.235,0.223,
0.163,0.151,0.012,0.111,0.048,0.001,0.069,0.114,0.024,0.171,0.162,0.015,0.121,0.058,0.002,0.073,0.128,0.028,0.171,0.162,0.015,0.121,0.058,0.002,0.073,0.128,0.028,0.202,0.193,0.017,0.143,0.068,0.002,0.083,0.15,0.034,0.202,0.193,0.017,0.143,0.068,0.002,0.083,0.15,0.034,0.616,0.585,0.048,0.437,0.195,0.006,0.263,0.434,0.101,0.616,0.585,0.048,0.437,0.195,0.006,0.263,0.434,0.101,0.496,0.479,0.041,0.357,0.168,0.005,0.212,0.365,0.087,0.496,0.479,0.041,0.357,0.168,0.005,0.212,0.365,0.087,
0.086,0.276,0.06,0.082,0.118,0.009,0.098,0.451,0.163,0.084,0.291,0.066,0.075,0.122,0.008,0.099,0.455,0.169,0.084,0.291,0.066,0.075,0.122,0.008,0.099,0.455,0.169,0.103,0.347,0.08,0.095,0.143,0.009,0.12,0.547,0.201,0.103,0.347,0.08,0.095,0.143,0.009,0.12,0.547,0.201,0.328,1.055,0.242,0.32,0.446,0.033,0.389,1.707,0.608,0.328,1.055,0.242,0.32,0.446,0.033,0.389,1.707,0.608,0.249,0.833,0.188,0.235,0.342,0.022,0.296,1.311,0.484,0.249,0.833,0.188,0.235,0.342,0.022,0.296,1.311,0.484,
0.081,0.2,0.067,0.06,0.083,0.012,0.203,0.597,0.208,0.076,0.221,0.069,0.061,0.089,0.012,0.204,0.609,0.217,0.076,0.221,0.069,0.061,0.089,0.012,0.204,0.609,0.217,0.093,0.259,0.083,0.075,0.109,0.015,0.241,0.74,0.261,0.093,0.259,0.083,0.075,0.109,0.015,0.241,0.74,0.261,0.289,0.781,0.258,0.228,0.328,0.045,0.741,2.215,0.779,0.289,0.781,0.258,0.228,0.328,0.045,0.741,2.215,0.779,0.223,0.643,0.214,0.189,0.271,0.034,0.588,1.82,0.645,0.223,0.643,0.214,0.189,0.271,0.034,0.588,1.82,0.645,
0.076,0.337,0.045,0.038,0.111,0.01,0.032,0.195,0.063,0.075,0.364,0.05,0.04,0.113,0.012,0.031,0.197,0.072,0.075,0.364,0.05,0.04,0.113,0.012,0.031,0.197,0.072,0.091,0.431,0.059,0.047,0.135,0.014,0.036,0.228,0.083,0.091,0.431,0.059,0.047,0.135,0.014,0.036,0.228,0.083,0.275,1.332,0.187,0.137,0.415,0.041,0.116,0.717,0.255,0.275,1.332,0.187,0.137,0.415,0.041,0.116,0.717,0.255,0.217,1.049,0.148,0.107,0.325,0.035,0.085,0.561,0.205,0.217,1.049,0.148,0.107,0.325,0.035,0.085,0.561,0.205,
0.039,0.352,0.032,0.024,0.146,0.005,0.026,0.247,0.045,0.043,0.399,0.038,0.022,0.161,0.006,0.027,0.282,0.054,0.043,0.399,0.038,0.022,0.161,0.006,0.027,0.282,0.054,0.049,0.462,0.044,0.027,0.191,0.006,0.032,0.325,0.058,0.049,0.462,0.044,0.027,0.191,0.006,0.032,0.325,0.058,0.145,1.345,0.132,0.084,0.552,0.018,0.093,0.954,0.177,0.145,1.345,0.132,0.084,0.552,0.018,0.093,0.954,0.177,0.112,1.107,0.109,0.065,0.456,0.015,0.073,0.779,0.144,0.112,1.107,0.109,0.065,0.456,0.015,0.073,0.779,0.144,
0.257,0.402,0.083,0.229,0.245,0.011,0.218,0.749,0.154,0.254,0.418,0.092,0.227,0.245,0.01,0.215,0.756,0.156,0.254,0.418,0.092,0.227,0.245,0.01,0.215,0.756,0.156,0.303,0.499,0.11,0.275,0.289,0.013,0.255,0.912,0.187,0.303,0.499,0.11,0.275,0.289,0.013,0.255,0.912,0.187,0.973,1.523,0.333,0.861,0.925,0.041,0.816,2.791,0.589,0.973,1.523,0.333,0.861,0.925,0.041,0.816,2.791,0.589,0.748,1.228,0.261,0.673,0.697,0.033,0.628,2.195,0.452,0.748,1.228,0.261,0.673,0.697,0.033,0.628,2.195,0.452,
0.227,0.366,0.065,0.259,0.335,0.017,0.211,0.621,0.136,0.232,0.384,0.064,0.274,0.354,0.017,0.212,0.635,0.142,0.232,0.384,0.064,0.274,0.354,0.017,0.212,0.635,0.142,0.275,0.455,0.078,0.328,0.428,0.02,0.26,0.765,0.171,0.275,0.455,0.078,0.328,0.428,0.02,0.26,0.765,0.171,0.882,1.41,0.252,1.03,1.344,0.068,0.794,2.365,0.531,0.882,1.41,0.252,1.03,1.344,0.068,0.794,2.365,0.531,0.702,1.1,0.198,0.798,1.009,0.046,0.627,1.852,0.411,0.702,1.1,0.198,0.798,1.009,0.046,0.627,1.852,0.411,
0.471,0.347,0.032,0.894,0.376,0.009,0.273,0.358,0.07,0.507,0.368,0.036,0.983,0.422,0.009,0.292,0.393,0.076,0.507,0.368,0.036,0.983,0.422,0.009,0.292,0.393,0.076,0.605,0.444,0.042,1.171,0.507,0.01,0.351,0.469,0.089,0.605,0.444,0.042,1.171,0.507,0.01,0.351,0.469,0.089,1.823,1.341,0.132,3.608,1.507,0.036,1.074,1.396,0.253,1.823,1.341,0.132,3.608,1.507,0.036,1.074,1.396,0.253,1.489,1.107,0.108,2.936,1.239,0.029,0.866,1.153,0.215,1.489,1.107,0.108,2.936,1.239,0.029,0.866,1.153,0.215,
0.031,0.059,0.005,0.023,0.033,0.0,0.015,0.047,0.008,0.027,0.053,0.004,0.016,0.028,0.0,0.014,0.042,0.007,0.027,0.053,0.004,0.016,0.028,0.0,0.014,0.042,0.007,0.031,0.061,0.005,0.021,0.035,0.0,0.017,0.051,0.008,0.031,0.061,0.005,0.021,0.035,0.0,0.017,0.051,0.008,0.098,0.202,0.015,0.075,0.114,0.001,0.053,0.159,0.025,0.098,0.202,0.015,0.075,0.114,0.001,0.053,0.159,0.025,0.075,0.16,0.013,0.048,0.083,0.001,0.039,0.117,0.02,0.075,0.16,0.013,0.048,0.083,0.001,0.039,0.117,0.02,
0.078,0.14,0.012,0.091,0.106,0.002,0.049,0.168,0.027,0.074,0.135,0.012,0.08,0.1,0.003,0.045,0.156,0.025,0.074,0.135,0.012,0.08,0.1,0.003,0.045,0.156,0.025,0.09,0.16,0.015,0.098,0.121,0.004,0.055,0.187,0.029,0.09,0.16,0.015,0.098,0.121,0.004,0.055,0.187,0.029,0.259,0.484,0.041,0.31,0.369,0.01,0.168,0.567,0.089,0.259,0.484,0.041,0.31,0.369,0.01,0.168,0.567,0.089,0.207,0.38,0.034,0.231,0.283,0.009,0.133,0.44,0.069,0.207,0.38,0.034,0.231,0.283,0.009,0.133,0.44,0.069,
