2.159,1.809,0.304,0.774,0.195,0.006,0.64,0.953,0.197,2.411,2.006,0.332,0.868,0.217,0.005,0.71,1.049,0.216,2.819,2.379,0.395,1.022,0.258,0.007,0.837,1.237,0.257,9.043,7.963,1.362,3.235,0.841,0.021,2.684,3.954,0.834,7.155,6.153,1.022,2.566,0.655,0.017,2.138,3.13,0.656,
0.202,0.061,0.005,0.216,0.034,0.0,0.159,0.113,0.005,0.216,0.066,0.005,0.227,0.037,0.0,0.167,0.115,0.005,0.245,0.077,0.006,0.282,0.043,0.0,0.213,0.157,0.006,0.757,0.228,0.024,0.816,0.128,0.002,0.574,0.379,0.015,0.623,0.193,0.017,0.676,0.11,0.001,0.485,0.333,0.013,
0.154,0.695,0.216,0.121,0.218,0.008,0.206,1.233,0.261,0.171,0.77,0.238,0.125,0.239,0.008,0.215,1.348,0.281,0.2,0.916,0.3,0.154,0.289,0.01,0.265,1.602,0.348,0.559,2.82,0.898,0.434,0.794,0.027,0.756,4.793,0.976,0.479,2.261,0.712,0.369,0.671,0.023,0.619,3.934,0.82,
0.114,1.086,0.291,0.067,0.194,0.011,0.06,0.483,0.193,0.121,1.206,0.321,0.07,0.216,0.011,0.061,0.521,0.211,0.141,1.421,0.382,0.083,0.263,0.013,0.074,0.619,0.261,0.417,4.243,1.159,0.225,0.694,0.036,0.193,1.748,0.695,0.349,3.486,0.938,0.201,0.612,0.03,0.17,1.473,0.598,
0.268,0.262,0.019,0.255,0.094,0.002,0.149,0.215,0.023,0.277,0.283,0.02,0.261,0.099,0.001,0.151,0.222,0.025,0.33,0.326,0.023,0.313,0.12,0.002,0.179,0.261,0.029,0.939,1.039,0.071,0.878,0.331,0.004,0.496,0.768,0.091,0.772,0.819,0.059,0.742,0.281,0.003,0.422,0.634,0.074,
1.087,0.736,0.064,0.589,0.183,0.002,0.901,2.303,0.561,1.195,0.84,0.074,0.651,0.211,0.002,0.964,2.557,0.619,1.395,0.975,0.087,0.77,0.247,0.002,1.145,3.003,0.74,4.502,3.347,0.293,2.274,0.775,0.006,3.422,9.641,2.255,3.559,2.56,0.231,1.914,0.627,0.005,2.804,7.575,1.836,
0.095,0.197,0.023,0.105,0.103,0.004,0.061,0.238,0.043,0.095,0.2,0.025,0.106,0.107,0.004,0.062,0.243,0.046,0.115,0.238,0.029,0.126,0.126,0.005,0.074,0.287,0.052,0.326,0.734,0.092,0.374,0.364,0.015,0.213,0.858,0.162,0.269,0.6,0.076,0.308,0.307,0.012,0.18,0.713,0.136,
0.676,0.483,0.025,1.094,0.254,0.003,0.332,0.342,0.049,0.755,0.55,0.027,1.227,0.288,0.004,0.353,0.384,0.056,0.873,0.626,0.032,1.425,0.342,0.005,0.419,0.448,0.065,2.629,1.969,0.103,4.421,0.952,0.013,1.248,1.373,0.196,2.175,1.611,0.083,3.624,0.834,0.011,1.026,1.125,0.165,
0.115,0.649,0.173,0.024,0.21,0.013,0.023,0.528,0.167,0.129,0.725,0.191,0.028,0.24,0.016,0.025,0.586,0.182,0.147,0.821,0.22,0.031,0.275,0.017,0.029,0.671,0.205,0.488,2.421,0.66,0.092,0.754,0.05,0.08,2.006,0.591,0.377,2.026,0.543,0.078,0.664,0.043,0.069,1.665,0.504,
1.1,0.903,0.092,0.78,0.202,0.005,0.413,0.621,0.09,1.208,0.996,0.104,0.849,0.227,0.005,0.448,0.679,0.101,1.405,1.15,0.118,0.997,0.266,0.007,0.53,0.79,0.121,4.375,3.697,0.393,3.037,0.775,0.018,1.601,2.406,0.382,3.555,2.991,0.321,2.509,0.66,0.016,1.317,2.003,0.306,
0.289,0.247,0.017,0.132,0.045,0.001,0.09,0.193,0.032,0.307,0.274,0.019,0.147,0.05,0.001,0.098,0.215,0.036,0.36,0.317,0.023,0.172,0.06,0.001,0.117,0.248,0.044,1.123,1.02,0.074,0.506,0.164,0.003,0.343,0.807,0.14,0.916,0.826,0.061,0.439,0.144,0.002,0.289,0.648,0.111,
0.217,0.383,0.078,0.236,0.129,0.005,0.138,0.687,0.181,0.237,0.406,0.085,0.267,0.142,0.006,0.141,0.757,0.196,0.275,0.479,0.1,0.306,0.161,0.007,0.168,0.866,0.227,0.876,1.413,0.29,1.073,0.495,0.019,0.484,2.747,0.667,0.69,1.168,0.242,0.802,0.412,0.018,0.407,2.214,0.567,
0.101,0.37,0.119,0.123,0.097,0.011,0.249,0.908,0.326,0.114,0.406,0.129,0.138,0.109,0.01,0.264,0.969,0.358,0.134,0.479,0.153,0.16,0.128,0.012,0.319,1.167,0.421,0.387,1.469,0.485,0.529,0.38,0.037,0.896,3.373,1.288,0.33,1.215,0.393,0.423,0.325,0.031,0.773,2.859,1.073,
0.089,0.457,0.069,0.042,0.089,0.004,0.044,0.293,0.067,0.093,0.5,0.076,0.043,0.097,0.004,0.045,0.313,0.069,0.11,0.584,0.088,0.052,0.116,0.005,0.053,0.361,0.08,0.342,1.887,0.287,0.139,0.349,0.016,0.16,1.157,0.259,0.27,1.506,0.23,0.118,0.29,0.014,0.129,0.929,0.207,
0.06,0.618,0.063,0.064,0.185,0.005,0.041,0.438,0.053,0.064,0.695,0.07,0.071,0.2,0.005,0.043,0.492,0.061,0.077,0.812,0.081,0.082,0.239,0.006,0.051,0.57,0.07,0.215,2.507,0.262,0.262,0.689,0.018,0.137,1.735,0.216,0.181,2.028,0.208,0.203,0.579,0.015,0.116,1.413,0.175,
0.565,0.705,0.11,0.404,0.213,0.003,0.523,1.053,0.169,0.613,0.771,0.118,0.433,0.238,0.002,0.578,1.16,0.185,0.7,0.891,0.14,0.505,0.275,0.003,0.671,1.34,0.21,2.194,2.812,0.442,1.56,0.826,0.008,2.165,4.162,0.66,1.789,2.288,0.353,1.26,0.69,0.007,1.708,3.388,0.541,
0.466,0.558,0.069,0.469,0.284,0.007,0.294,0.921,0.149,0.514,0.61,0.074,0.52,0.306,0.007,0.313,1.001,0.163,0.598,0.716,0.086,0.607,0.368,0.008,0.369,1.191,0.191,1.906,2.352,0.291,1.937,1.096,0.022,1.141,3.717,0.592,1.534,1.859,0.228,1.529,0.904,0.019,0.921,2.968,0.476,
0.946,0.591,0.051,1.758,0.402,0.008,0.437,0.549,0.079,1.063,0.655,0.055,2.001,0.451,0.009,0.488,0.602,0.087,1.232,0.765,0.063,2.323,0.532,0.011,0.578,0.731,0.105,3.881,2.418,0.21,7.234,1.557,0.031,1.755,2.165,0.301,3.124,1.974,0.168,5.92,1.33,0.025,1.443,1.784,0.256,
0.051,0.099,0.006,0.025,0.025,0.0,0.047,0.055,0.007,0.051,0.103,0.006,0.025,0.025,0.0,0.044,0.056,0.007,0.06,0.12,0.008,0.031,0.032,0.0,0.058,0.066,0.009,0.178,0.363,0.025,0.093,0.081,0.002,0.153,0.196,0.027,0.145,0.292,0.02,0.077,0.071,0.001,0.127,0.161,0.022,
0.139,0.271,0.018,0.134,0.118,0.002,0.075,0.213,0.014,0.139,0.285,0.02,0.136,0.126,0.002,0.077,0.223,0.016,0.165,0.33,0.023,0.165,0.152,0.002,0.09,0.267,0.019,0.477,0.991,0.073,0.441,0.413,0.007,0.246,0.757,0.058,0.397,0.813,0.062,0.385,0.356,0.006,0.211,0.64,0.048,
