0.644,0.5,0.671,0.773,0.67,1.717,0.767,0.601,0.536,0.656,0.739,0.9,0.382,0.467,0.883,0.673,0.661,0.627,0.779,1.072,1.268,0.559,0.801,0.0,0.965,1.005,1.108,1.155,1.24,1.128,0.959,0.991,0.632,1.324,1.286,1.34,1.169,0.956,0.88,1.535,1.393,1.618,0.86,0.92,0.887,
0.725,0.814,0.0,0.83,0.898,-1.0,0.653,0.528,0.0,0.376,0.156,0.0,0.25,0.153,-1.0,0.292,0.194,1.315,0.648,0.49,1.571,0.55,1.046,-1.0,0.741,0.526,0.0,1.272,1.583,2.19,0.967,1.278,-1.0,1.341,1.651,1.606,1.207,0.921,0.0,1.506,1.057,-1.0,0.942,0.756,0.753,
0.646,0.479,0.361,0.694,0.561,0.0,0.719,0.511,0.303,1.09,1.15,1.006,0.896,0.944,0.98,0.647,0.95,0.826,0.691,0.751,1.245,0.508,0.59,0.851,0.573,0.763,0.778,1.383,1.283,1.246,1.261,1.259,1.141,1.525,1.324,1.486,0.793,0.932,0.834,1.067,1.069,1.321,0.88,0.942,0.921,
0.758,0.479,0.497,0.712,0.569,0.121,0.53,0.543,0.535,1.186,1.696,0.964,0.868,1.356,0.679,0.901,1.112,0.867,0.632,0.701,0.964,0.295,0.384,0.334,0.794,0.779,0.882,1.279,1.262,1.379,1.301,1.197,1.612,1.475,1.476,1.483,0.874,0.761,0.816,1.154,1.064,1.083,0.844,0.722,0.79,
1.164,1.086,0.988,0.712,0.599,0.0,0.748,0.75,0.445,0.684,0.847,0.0,0.362,0.446,0.0,0.53,0.642,0.597,0.585,0.685,0.665,0.354,0.774,0.0,0.48,0.764,1.031,1.174,1.058,1.664,1.227,1.279,1.681,1.381,1.402,1.256,1.074,1.12,0.893,1.36,1.168,1.67,1.131,0.924,1.097,
0.564,0.54,0.59,1.134,0.975,0.662,0.776,0.71,0.722,0.487,0.755,0.622,0.45,0.515,0.549,0.63,0.819,0.951,0.656,0.941,1.124,0.486,0.906,0.487,0.824,0.963,0.993,1.417,1.309,1.376,0.992,1.052,1.326,1.339,1.259,1.092,1.037,0.925,0.858,1.377,1.154,1.117,0.907,0.887,1.01,
0.919,1.132,0.604,0.902,0.976,0.0,0.927,1.061,0.778,1.022,1.154,0.778,0.437,0.684,0.0,0.443,0.576,0.551,0.402,0.679,1.332,0.544,0.533,0.0,0.602,0.818,1.217,1.456,1.17,1.275,1.182,1.253,2.293,1.516,1.283,1.36,0.784,0.84,0.822,1.264,1.032,0.889,0.782,0.896,0.801,
0.628,0.584,0.76,0.636,0.545,0.665,0.448,0.399,1.058,0.419,0.248,0.321,0.152,0.356,0.0,0.398,0.495,0.334,0.764,0.725,0.921,0.32,0.676,0.27,0.719,0.76,0.909,1.553,1.62,1.567,1.101,1.145,1.355,1.556,1.503,1.214,0.877,0.909,0.825,1.585,1.353,1.375,0.953,0.967,1.021,
0.881,0.895,0.995,0.909,0.871,0.31,1.029,0.723,0.641,0.509,0.59,0.371,0.227,0.344,0.121,0.327,0.426,0.219,0.934,1.846,1.217,1.342,1.305,0.461,0.709,1.473,1.137,1.614,1.302,1.593,1.22,1.263,2.029,1.63,1.34,1.62,0.615,0.519,0.604,0.968,0.899,0.794,0.685,0.772,0.731,
0.823,0.595,0.985,0.621,0.613,0.0,0.543,0.49,0.467,0.39,0.466,0.328,0.128,0.449,0.237,0.465,0.53,0.247,0.694,0.763,0.82,0.306,0.63,0.453,0.889,0.879,0.793,1.523,1.624,1.659,1.113,1.261,1.237,1.508,1.512,1.697,0.894,0.807,0.661,1.613,1.2,1.565,0.884,0.875,0.846,
0.856,0.655,0.0,0.68,0.955,0.0,0.865,0.895,0.962,0.295,0.612,1.081,0.236,0.314,0.0,0.448,0.437,0.234,0.386,0.517,0.323,0.331,0.715,1.626,0.972,0.772,0.787,1.384,1.582,1.722,1.175,1.235,2.354,1.541,1.538,1.573,1.172,0.843,0.844,1.484,1.147,0.0,0.644,0.797,0.641,
0.602,0.858,0.486,0.634,0.77,0.0,0.444,0.499,0.281,0.677,0.923,0.901,0.188,0.512,0.44,0.218,0.555,0.718,0.658,0.945,0.831,0.727,1.057,1.118,0.931,1.038,1.159,1.543,1.224,1.382,1.336,1.204,1.273,1.391,1.292,1.303,0.815,0.853,0.85,1.16,0.991,1.268,1.046,0.991,0.945,
1.049,0.933,0.983,1.065,0.787,0.536,1.009,0.854,0.888,0.395,0.665,0.589,0.439,0.579,0.925,0.645,0.666,0.619,1.011,1.737,1.565,0.537,0.692,0.406,0.896,0.989,1.009,1.336,1.079,1.258,0.888,1.079,0.931,1.122,1.056,1.317,0.841,0.758,0.681,1.507,1.263,1.584,1.038,1.113,0.85,
0.718,0.818,0.367,0.373,0.822,0.0,0.899,0.913,0.309,0.702,0.823,0.916,0.176,0.913,0.0,0.323,0.677,0.274,0.772,0.742,0.373,0.997,0.424,0.4,0.962,1.081,0.953,1.566,1.409,1.558,1.221,1.153,1.448,1.433,1.371,1.732,0.715,0.8,0.913,1.301,1.16,1.574,0.784,0.657,0.718,
0.795,0.998,0.871,0.802,1.027,0.0,0.87,0.943,0.856,0.411,0.542,0.6,0.635,0.514,0.425,0.326,0.55,0.539,1.163,1.93,1.954,1.801,1.735,0.886,1.662,1.693,1.566,1.285,1.17,1.248,1.057,1.186,2.202,1.272,1.239,1.333,0.96,0.616,0.578,0.829,0.66,0.191,0.741,0.659,0.661,
0.533,0.483,0.477,0.928,0.924,0.281,0.544,0.607,0.337,0.543,0.887,0.931,0.274,0.521,0.0,0.586,0.507,0.5,0.651,0.835,0.967,0.692,0.784,1.272,0.845,1.23,1.101,1.412,1.235,1.143,1.106,1.116,0.828,1.382,1.236,1.499,1.05,1.046,1.081,1.309,1.192,1.614,0.959,0.948,0.809,
0.671,0.542,0.859,0.83,0.698,0.441,0.543,0.487,0.317,0.484,0.633,0.824,0.439,0.499,0.611,0.316,0.525,0.469,0.742,0.978,1.483,0.629,0.683,0.51,1.011,1.408,1.011,1.38,1.331,1.288,1.098,1.096,1.642,1.523,1.231,1.491,0.993,0.944,0.587,1.299,1.324,0.842,0.802,0.908,0.901,
0.625,0.621,0.331,0.699,0.657,0.752,0.474,0.536,0.503,0.471,0.446,0.31,0.239,0.407,0.208,0.652,0.489,0.576,0.973,1.107,1.069,0.569,0.621,1.136,0.898,0.993,0.768,1.365,1.337,1.4,1.062,1.149,1.27,1.447,1.402,1.379,0.952,0.921,0.945,1.488,1.34,1.174,0.87,0.935,1.032,
1.36,1.074,1.504,1.27,0.726,0.0,0.802,0.805,0.0,0.742,1.753,0.349,0.328,1.414,0.0,0.878,1.337,2.074,0.476,0.667,0.631,0.533,0.755,0.0,0.243,0.772,0.596,1.122,0.81,1.212,1.264,1.358,0.803,1.115,1.266,1.328,1.023,1.019,0.975,0.961,0.614,2.394,1.275,0.759,0.643,
1.545,1.122,1.285,0.682,0.885,0.0,0.929,0.702,0.465,0.872,1.338,1.114,0.55,0.977,0.0,0.654,1.161,0.881,0.624,0.787,0.844,0.571,0.607,0.776,0.653,0.739,0.821,1.043,1.06,1.25,1.259,1.201,1.356,1.471,1.292,1.574,0.964,0.864,0.706,1.131,1.016,1.467,0.813,0.854,0.73,
