0.781,0.72,0.935,1.219,1.572,2.38,1.045,0.924,1.186,0.954,1.194,1.488,0.782,1.447,1.16,1.046,1.28,1.57,0.958,1.521,1.949,0.9,1.349,1.104,1.327,1.636,2.501,1.234,1.311,1.536,1.165,1.142,1.708,1.356,1.383,1.449,1.166,1.004,0.989,1.637,1.637,1.325,1.107,1.043,1.207,
1.523,2.073,2.934,1.485,2.363,0.0,1.546,1.579,3.073,1.097,0.89,0.0,0.779,1.133,0.0,1.036,1.147,1.153,1.58,1.716,0.0,1.194,1.483,0.0,1.672,1.313,3.064,1.302,1.629,2.318,1.304,1.288,0.0,1.55,1.469,1.122,1.35,0.936,0.616,1.618,1.48,0.0,0.995,1.265,1.807,
1.291,1.108,1.224,1.381,1.112,1.621,1.454,0.931,1.282,2.016,2.018,1.916,1.787,1.892,2.997,1.29,1.467,1.694,1.556,1.43,2.21,1.535,1.307,1.277,1.193,1.538,1.792,1.399,1.413,1.669,1.302,1.33,1.974,1.491,1.398,1.714,1.254,1.1,1.276,1.321,1.34,1.329,1.181,1.109,1.196,
1.577,1.243,1.277,1.494,1.302,1.223,1.621,1.338,1.364,2.421,2.064,1.886,1.935,2.375,1.893,1.66,1.624,1.934,1.383,1.393,1.884,0.606,1.127,1.094,1.263,1.572,1.969,1.404,1.448,1.696,1.426,1.366,2.09,1.555,1.578,1.714,1.171,0.977,1.082,1.322,1.331,1.696,0.982,0.984,1.365,
2.108,1.878,3.468,1.716,1.956,0.0,1.605,1.635,1.367,1.331,2.1,1.719,1.091,1.891,2.938,1.513,1.789,1.854,1.357,1.907,0.944,1.126,1.532,2.699,1.517,1.777,1.532,1.284,1.169,1.689,1.241,1.484,1.593,1.531,1.619,2.038,1.594,1.294,1.724,1.717,1.382,1.334,1.16,1.31,1.47,
0.893,0.934,1.512,1.552,1.725,0.0,1.061,1.117,1.317,0.91,1.323,1.567,0.786,1.106,1.967,0.801,1.333,1.853,0.917,1.246,1.917,0.996,1.423,2.564,1.165,1.455,2.015,1.425,1.472,1.622,1.115,1.277,1.691,1.473,1.32,1.338,1.109,1.086,1.224,1.568,1.36,1.114,0.918,1.014,1.346,
2.218,2.161,2.539,1.415,1.7,3.992,1.697,1.906,1.574,1.783,1.944,1.628,1.154,1.355,2.37,1.382,1.842,2.067,1.578,1.69,2.459,1.631,1.341,0.0,1.922,1.733,2.188,1.526,1.334,1.815,1.371,1.57,1.568,1.344,1.52,1.726,1.22,1.319,1.39,1.329,1.206,1.186,1.197,1.26,1.421,
1.164,0.986,0.879,1.075,1.356,0.0,1.198,1.284,1.915,0.936,1.038,1.312,0.589,0.895,0.0,1.334,1.322,1.297,1.177,1.643,2.024,0.754,1.407,0.0,1.662,1.617,1.61,1.632,1.641,1.898,1.221,1.305,1.687,1.465,1.539,1.64,1.072,1.004,0.825,1.81,1.7,1.637,1.208,1.252,1.304,
1.757,1.39,2.395,1.545,1.188,1.911,1.312,1.587,1.66,1.238,1.147,1.478,0.0,0.977,1.122,0.98,1.324,1.549,2.061,2.256,2.736,2.227,2.205,2.156,0.804,2.183,2.224,1.83,1.49,1.788,1.168,1.355,2.058,1.839,1.503,1.868,0.963,0.909,1.059,1.447,1.201,1.248,0.96,1.052,1.258,
1.189,1.151,1.509,1.177,1.25,1.001,1.155,1.303,1.6,0.927,1.05,1.071,0.679,1.116,1.507,1.039,1.403,1.44,1.078,1.318,1.709,0.815,1.262,1.436,1.536,1.565,1.713,1.504,1.557,1.826,1.171,1.475,1.951,1.532,1.595,1.845,1.087,1.096,1.201,1.725,1.53,1.195,1.157,1.247,1.229,
1.45,1.663,2.639,1.373,1.607,0.0,1.631,1.46,1.681,1.052,1.205,0.984,0.788,0.856,0.0,1.053,1.085,0.749,1.319,1.363,1.187,0.95,1.025,0.0,1.16,1.416,1.954,1.56,1.518,1.612,1.225,1.614,2.02,1.607,1.691,1.701,1.211,1.333,1.468,1.855,1.744,1.698,1.149,1.307,1.526,
1.556,1.416,1.407,1.352,0.94,1.03,1.155,1.162,1.209,1.412,1.662,1.614,1.11,1.161,0.0,0.747,1.316,1.326,1.311,1.579,2.081,1.59,1.438,1.873,1.308,1.89,2.185,1.556,1.421,1.705,1.369,1.343,1.485,1.488,1.415,1.526,1.039,1.148,1.268,1.178,1.46,1.739,1.269,1.019,1.225,
2.092,1.726,1.712,1.7,2.575,1.049,1.652,1.425,1.673,1.189,1.423,2.058,1.233,1.796,2.592,1.351,1.413,1.712,1.654,2.318,2.779,1.193,1.152,0.869,1.53,1.568,2.171,1.505,1.336,1.471,1.129,1.154,1.461,1.282,1.296,1.483,1.198,1.142,1.079,1.731,1.398,1.918,1.275,1.242,1.158,
1.393,1.697,1.738,1.245,1.491,1.275,1.805,1.459,2.17,1.613,1.766,2.224,1.5,1.798,0.0,1.19,1.614,1.411,1.234,1.455,1.886,1.412,1.325,0.0,1.575,1.9,1.987,1.698,1.468,1.749,1.462,1.508,2.193,1.552,1.504,1.662,1.06,1.07,1.087,1.602,1.431,1.07,1.208,1.225,1.207,
2.111,1.633,3.105,1.647,2.101,1.861,1.805,1.778,2.431,1.334,1.285,0.979,1.769,1.258,0.0,0.727,1.3,2.093,1.971,2.501,3.689,2.232,2.746,3.198,2.077,2.094,3.133,1.505,1.356,1.57,1.446,1.42,2.22,1.519,1.44,1.74,1.034,1.02,1.247,1.212,1.021,0.64,1.079,1.021,1.257,
1.155,1.077,1.25,1.314,1.305,2.195,1.128,0.864,1.184,1.145,1.579,1.326,0.856,0.968,1.838,1.047,1.1,1.606,1.209,1.783,2.177,1.166,1.358,2.022,1.317,1.866,2.107,1.367,1.315,1.508,1.166,1.204,1.405,1.314,1.383,1.677,1.194,1.231,1.284,1.456,1.381,1.671,1.196,1.063,1.186,
1.116,1.132,1.489,1.117,1.093,1.379,1.041,1.003,1.15,1.005,1.221,1.49,0.796,0.957,0.761,0.864,1.212,1.557,1.164,1.552,2.698,1.238,1.221,1.384,1.619,1.74,2.008,1.486,1.446,1.671,1.222,1.148,1.589,1.418,1.384,1.584,1.119,1.176,1.095,1.459,1.394,1.405,1.078,1.095,1.405,
1.183,1.257,2.204,1.074,1.279,1.039,1.107,1.228,1.461,0.987,1.142,1.436,0.59,1.019,1.757,1.195,1.226,1.484,1.403,1.747,1.915,0.934,1.283,1.608,1.684,1.839,2.23,1.427,1.404,1.526,1.057,1.315,1.329,1.39,1.515,1.788,1.069,1.054,1.27,1.861,1.547,1.497,1.183,1.152,1.252,
2.574,1.43,2.739,2.224,1.121,0.0,2.044,2.155,1.225,1.895,2.646,3.113,2.062,3.145,0.0,1.675,2.245,2.747,1.256,1.745,2.298,1.725,1.824,0.0,1.4,1.846,2.886,1.08,1.221,1.132,1.013,1.314,0.0,1.575,1.427,1.634,2.014,1.553,1.475,1.45,1.393,0.0,1.31,1.345,1.465,
3.043,2.167,3.64,1.763,1.18,2.832,1.623,1.411,2.009,1.886,2.314,3.496,1.542,1.994,2.123,2.132,2.279,2.802,1.245,1.693,2.12,1.253,1.446,0.0,1.189,1.835,1.944,1.224,1.445,1.508,1.418,1.453,2.262,1.3,1.577,1.552,1.544,1.234,1.469,1.565,1.389,0.777,1.332,1.238,1.553,
