1.434,0.891,0.335,0.862,0.485,0.059,0.703,0.853,0.331,1.409,1.328,0.59,0.612,0.31,0.0,0.839,0.865,0.333,1.694,2.483,0.985,0.784,0.422,0.042,1.093,1.419,0.643,6.718,7.069,2.207,2.411,1.401,0.155,3.046,3.859,1.379,4.178,3.878,1.02,3.448,1.237,0.23,1.607,2.126,0.963,
0.452,0.234,0.059,0.406,0.149,0.0,0.266,0.224,0.042,0.323,0.179,0.042,0.236,0.189,0.0,0.36,0.197,0.042,0.472,0.274,0.117,0.36,0.149,0.0,0.562,0.422,0.042,1.483,0.818,0.277,1.313,0.518,0.0,1.298,1.084,0.166,1.084,0.541,0.11,1.394,0.442,0.125,0.798,0.586,0.083,
0.271,0.591,0.299,0.295,0.266,0.042,0.431,0.76,0.393,0.408,1.147,0.421,0.362,0.573,0.072,0.559,1.358,0.496,0.397,1.066,0.567,0.213,0.316,0.042,0.364,1.411,0.6,1.315,2.748,1.352,1.054,1.306,0.254,1.676,3.567,1.609,0.842,1.573,0.856,0.887,1.142,0.194,1.058,2.211,1.117,
0.274,0.841,0.383,0.26,0.306,0.059,0.313,0.663,0.275,0.494,1.629,0.653,0.316,0.726,0.118,0.254,0.877,0.386,0.276,1.404,0.627,0.218,0.344,0.059,0.308,0.823,0.52,0.933,3.15,1.526,0.797,1.051,0.282,0.756,2.358,1.254,0.602,1.847,0.871,0.656,0.908,0.149,0.369,1.417,0.673,
0.677,0.706,0.138,0.529,0.334,0.0,0.381,0.399,0.102,0.423,0.576,0.083,0.271,0.204,0.0,0.331,0.486,0.117,0.513,0.491,0.181,0.34,0.255,0.0,0.34,0.519,0.124,1.326,1.164,0.334,1.355,0.687,0.059,1.102,1.235,0.367,1.149,0.939,0.265,1.37,0.559,0.0,0.766,0.83,0.278,
1.101,0.605,0.216,0.956,0.491,0.0,1.097,1.255,0.567,0.821,0.999,0.26,0.606,0.446,0.0,0.865,1.418,0.862,1.022,1.063,0.31,0.585,0.452,0.102,1.32,2.284,0.845,4.317,3.747,0.834,2.335,1.289,0.132,4.12,6.194,2.067,2.868,2.307,0.527,2.673,0.971,0.042,2.606,3.449,1.712,
0.333,0.586,0.117,0.224,0.323,0.059,0.179,0.485,0.301,0.339,0.538,0.143,0.22,0.296,0.0,0.249,0.479,0.149,0.317,0.559,0.213,0.262,0.29,0.042,0.278,0.604,0.24,1.016,1.13,0.358,0.964,0.943,0.171,0.751,1.33,0.537,0.446,0.769,0.356,0.685,0.693,0.117,0.44,0.896,0.406,
0.84,0.585,0.117,0.758,0.427,0.083,0.471,0.465,0.11,0.484,0.506,0.083,0.482,0.344,0.0,0.386,0.358,0.11,0.87,0.737,0.216,0.776,0.406,0.042,0.645,0.682,0.389,3.179,2.6,0.445,2.854,1.415,0.155,1.935,2.049,0.627,2.015,1.429,0.324,4.138,1.985,0.072,1.081,1.137,0.397,
0.27,0.946,0.398,0.125,0.479,0.083,0.138,0.605,0.293,0.154,0.792,0.227,0.093,0.35,0.072,0.102,0.597,0.229,0.295,1.578,0.691,0.16,0.772,0.117,0.175,1.278,0.589,1.066,2.711,1.186,0.545,1.175,0.314,0.458,2.223,1.251,0.363,1.408,0.542,0.276,0.934,0.194,0.252,1.337,0.774,
1.06,0.829,0.251,0.863,0.315,0.0,0.584,0.553,0.179,0.773,0.827,0.235,0.403,0.29,0.042,0.587,0.683,0.262,1.062,1.046,0.36,0.725,0.406,0.042,0.823,0.916,0.347,4.353,3.514,1.102,2.727,1.248,0.18,2.098,2.48,0.984,2.317,1.883,0.575,3.227,1.176,0.166,1.387,1.763,0.578,
0.554,0.43,0.117,0.351,0.198,0.0,0.253,0.409,0.192,0.394,0.451,0.093,0.184,0.11,0.0,0.274,0.426,0.124,0.408,0.502,0.131,0.196,0.131,0.0,0.338,0.432,0.197,1.687,1.777,0.4,1.0,0.573,0.042,0.843,1.358,0.539,1.226,1.026,0.268,1.227,0.535,0.059,0.537,0.941,0.294,
0.472,0.632,0.227,0.298,0.314,0.059,0.372,0.638,0.279,0.431,0.656,0.262,0.279,0.288,0.042,0.288,0.719,0.346,0.403,0.765,0.418,0.304,0.381,0.059,0.386,1.21,0.519,1.537,1.903,0.796,1.944,1.151,0.161,1.319,2.787,1.373,0.904,1.245,0.413,1.451,0.857,0.155,0.783,1.737,0.847,
0.34,0.553,0.3,0.213,0.31,0.042,0.569,1.011,0.482,0.149,0.463,0.313,0.083,0.324,0.176,0.477,1.005,0.524,0.436,0.931,0.552,0.226,0.279,0.072,0.542,1.295,0.787,1.127,1.683,0.929,1.189,0.677,0.282,1.413,2.741,1.615,0.656,1.24,0.68,1.005,0.937,0.166,1.165,2.55,1.241,
0.425,0.65,0.224,0.22,0.303,0.042,0.216,0.496,0.165,0.336,0.814,0.2,0.154,0.257,0.0,0.174,0.465,0.17,0.288,0.715,0.365,0.201,0.252,0.042,0.232,0.694,0.244,1.044,2.24,0.769,0.521,0.951,0.149,0.666,1.791,0.786,0.503,1.288,0.452,0.536,0.589,0.102,0.388,1.191,0.388,
0.371,0.98,0.262,0.216,0.511,0.083,0.267,0.76,0.209,0.247,0.775,0.239,0.165,0.242,0.042,0.214,0.616,0.214,0.299,1.487,0.424,0.261,0.725,0.059,0.362,1.232,0.347,0.676,2.613,0.629,0.887,1.164,0.202,0.384,2.064,0.667,0.39,1.316,0.354,0.426,0.761,0.102,0.378,1.224,0.315,
0.815,0.62,0.204,0.571,0.422,0.042,0.635,0.753,0.313,0.809,0.896,0.322,0.466,0.329,0.0,0.697,0.936,0.375,0.76,1.186,0.473,0.501,0.454,0.042,0.848,1.624,0.521,2.404,2.912,0.966,2.173,1.556,0.156,2.649,3.643,1.175,1.686,1.932,0.675,1.807,1.369,0.102,1.57,2.167,0.798,
0.576,0.594,0.23,0.705,0.455,0.042,0.455,0.617,0.279,0.667,0.711,0.2,0.455,0.347,0.093,0.418,0.744,0.366,0.705,1.004,0.417,0.585,0.606,0.042,0.569,1.464,0.527,2.323,2.532,0.824,2.265,1.736,0.166,1.867,3.146,1.035,1.683,1.511,0.46,1.758,1.645,0.294,1.22,2.04,0.744,
0.878,0.632,0.184,1.272,0.535,0.042,0.473,0.54,0.227,0.674,0.598,0.149,0.726,0.501,0.072,0.536,0.569,0.213,1.17,0.963,0.312,1.043,0.695,0.042,0.938,0.933,0.354,3.566,2.67,0.752,3.518,1.742,0.215,2.176,2.468,0.766,2.17,1.593,0.384,5.679,1.903,0.254,1.379,1.652,0.624,
0.251,0.359,0.093,0.093,0.093,0.0,0.25,0.301,0.083,0.32,0.441,0.124,0.149,0.176,0.042,0.353,0.298,0.093,0.185,0.277,0.093,0.042,0.118,0.0,0.124,0.202,0.137,0.533,0.684,0.17,0.618,0.393,0.0,0.534,0.552,0.143,0.493,0.599,0.083,0.326,0.267,0.059,0.284,0.445,0.137,
0.609,0.642,0.174,0.418,0.26,0.0,0.216,0.462,0.102,0.406,0.687,0.102,0.323,0.307,0.0,0.342,0.504,0.143,0.308,0.567,0.143,0.284,0.331,0.0,0.27,0.407,0.138,0.824,1.191,0.3,0.977,0.833,0.042,0.768,1.165,0.295,0.743,0.902,0.22,0.829,0.666,0.093,0.542,0.895,0.209,
