1.197,0.674,0.276,0.851,0.362,0.073,0.797,0.536,0.236,1.418,1.062,0.341,0.616,0.35,0.052,0.606,0.712,0.273,1.567,1.523,0.498,0.782,0.487,0.0,0.896,1.002,0.42,6.135,3.959,0.974,2.707,1.329,0.089,2.512,2.443,0.895,5.039,2.647,0.696,3.083,1.428,0.146,1.694,1.671,0.597,
0.222,0.212,0.0,0.261,0.126,0.0,0.269,0.223,0.0,0.162,0.073,0.0,0.17,0.052,0.0,0.192,0.154,0.073,0.214,0.154,0.052,0.266,0.162,0.0,0.301,0.243,0.0,0.594,0.606,0.155,0.72,0.333,0.0,0.863,0.965,0.171,0.572,0.333,0.0,0.91,0.27,0.0,0.622,0.512,0.103,
0.254,0.42,0.162,0.282,0.364,0.0,0.35,0.642,0.268,0.407,0.817,0.321,0.407,0.486,0.089,0.374,1.096,0.483,0.298,0.709,0.539,0.268,0.419,0.089,0.363,1.109,0.514,0.832,1.862,0.702,0.85,1.117,0.184,1.424,2.748,1.266,0.529,1.364,0.519,0.654,0.938,0.216,0.794,2.024,0.865,
0.272,0.669,0.32,0.244,0.404,0.052,0.17,0.499,0.316,0.367,2.026,0.507,0.271,0.723,0.136,0.242,0.936,0.466,0.295,1.4,0.608,0.199,0.41,0.126,0.22,0.809,0.539,0.676,3.066,1.12,0.783,1.453,0.371,0.617,2.012,1.067,0.513,2.077,0.777,0.685,1.168,0.309,0.401,1.177,0.756,
0.516,0.596,0.126,0.463,0.277,0.0,0.377,0.383,0.103,0.359,0.421,0.0,0.282,0.226,0.0,0.263,0.345,0.154,0.351,0.386,0.126,0.309,0.297,0.0,0.261,0.393,0.176,1.018,0.84,0.287,1.247,0.764,0.103,0.886,1.069,0.346,0.867,0.834,0.215,1.157,0.635,0.103,0.642,0.755,0.272,
0.647,0.5,0.145,1.008,0.523,0.052,0.951,1.261,0.548,0.593,0.686,0.191,0.539,0.433,0.052,0.807,1.343,0.791,0.826,0.856,0.3,0.648,0.555,0.052,1.188,1.633,0.812,3.765,2.506,0.534,2.431,1.337,0.178,4.646,5.119,1.641,2.335,1.711,0.347,2.616,1.191,0.146,2.39,3.139,1.353,
0.254,0.418,0.103,0.255,0.303,0.0,0.296,0.421,0.184,0.286,0.423,0.126,0.184,0.242,0.0,0.184,0.311,0.153,0.176,0.301,0.176,0.211,0.226,0.0,0.233,0.415,0.257,0.73,0.844,0.256,0.558,0.64,0.171,0.839,0.987,0.43,0.398,0.607,0.228,0.615,0.559,0.073,0.465,0.729,0.336,
0.497,0.475,0.136,0.747,0.35,0.073,0.313,0.323,0.215,0.529,0.306,0.089,0.408,0.339,0.0,0.352,0.464,0.126,0.716,0.591,0.176,0.638,0.521,0.052,0.521,0.583,0.248,2.504,2.118,0.388,2.9,1.337,0.205,1.482,1.575,0.501,1.515,1.157,0.268,3.951,1.617,0.223,0.957,1.086,0.43,
0.177,0.734,0.359,0.177,0.46,0.073,0.136,0.52,0.309,0.154,0.795,0.257,0.089,0.328,0.073,0.089,0.517,0.222,0.239,1.471,0.466,0.283,0.724,0.115,0.136,1.122,0.52,0.536,2.157,0.893,0.451,1.184,0.419,0.363,1.696,1.182,0.282,1.082,0.462,0.417,0.921,0.215,0.217,1.095,0.602,
0.849,0.811,0.231,0.624,0.41,0.052,0.378,0.5,0.176,0.671,0.612,0.145,0.268,0.35,0.052,0.438,0.557,0.17,0.961,0.95,0.303,0.455,0.509,0.073,0.631,0.827,0.255,3.443,3.251,0.709,2.254,1.457,0.211,1.84,2.174,0.718,1.926,1.83,0.357,2.983,1.387,0.27,1.184,1.344,0.452,
0.316,0.313,0.0,0.248,0.226,0.0,0.233,0.3,0.154,0.221,0.385,0.089,0.17,0.136,0.0,0.184,0.263,0.073,0.241,0.358,0.052,0.228,0.242,0.052,0.32,0.346,0.145,1.176,1.384,0.196,0.777,0.566,0.136,0.756,0.913,0.413,0.865,0.793,0.126,0.897,0.566,0.0,0.368,0.547,0.215,
0.231,0.456,0.162,0.221,0.296,0.0,0.25,0.557,0.222,0.29,0.555,0.225,0.126,0.256,0.052,0.153,0.534,0.359,0.278,0.547,0.273,0.256,0.434,0.115,0.376,0.949,0.533,1.004,1.389,0.652,0.831,0.987,0.247,1.201,2.405,1.237,0.522,0.916,0.412,0.657,0.791,0.145,0.832,1.393,0.695,
0.379,0.482,0.225,0.299,0.29,0.103,0.61,0.842,0.516,0.215,0.434,0.222,0.176,0.262,0.103,0.42,0.774,0.393,0.4,0.916,0.408,0.222,0.305,0.073,0.622,1.14,0.564,0.951,1.11,0.589,0.532,0.759,0.198,1.391,2.198,1.156,0.577,0.954,0.411,0.716,0.737,0.279,1.204,2.23,0.945,
0.183,0.466,0.103,0.103,0.266,0.0,0.169,0.379,0.126,0.209,0.478,0.183,0.073,0.3,0.0,0.103,0.328,0.103,0.243,0.489,0.136,0.197,0.203,0.052,0.19,0.473,0.215,0.725,1.413,0.458,0.393,0.846,0.185,0.554,1.081,0.559,0.396,0.973,0.302,0.449,0.632,0.162,0.324,0.557,0.287,
0.217,0.783,0.203,0.185,0.489,0.0,0.177,0.59,0.215,0.145,0.726,0.21,0.126,0.363,0.052,0.126,0.566,0.197,0.268,1.406,0.411,0.226,0.77,0.073,0.299,1.108,0.369,0.539,1.94,0.533,0.298,1.125,0.215,0.407,1.656,0.497,0.368,1.22,0.323,0.264,0.65,0.052,0.309,0.972,0.35,
0.37,0.438,0.162,0.577,0.438,0.052,0.413,0.712,0.209,0.417,0.64,0.251,0.261,0.359,0.052,0.429,0.682,0.255,0.482,0.705,0.291,0.472,0.518,0.115,0.504,1.283,0.426,1.85,1.939,0.607,1.408,1.404,0.205,1.72,3.154,1.209,1.236,1.483,0.528,1.359,1.205,0.266,1.124,1.811,0.567,
0.4,0.474,0.197,0.515,0.528,0.073,0.374,0.556,0.204,0.359,0.494,0.204,0.401,0.454,0.089,0.31,0.647,0.225,0.512,0.724,0.314,0.528,0.598,0.089,0.694,1.213,0.418,1.673,1.926,0.557,1.632,2.054,0.371,1.924,2.566,1.08,1.07,1.321,0.286,1.556,1.693,0.198,1.053,1.685,0.599,
0.633,0.523,0.103,0.978,0.529,0.089,0.389,0.474,0.169,0.625,0.448,0.115,0.577,0.504,0.052,0.483,0.521,0.196,1.067,0.787,0.237,1.085,0.654,0.115,0.645,0.845,0.272,2.868,1.892,0.522,3.329,1.977,0.21,2.0,1.956,0.67,1.885,1.24,0.407,4.786,2.082,0.191,1.264,1.387,0.545,
0.234,0.325,0.155,0.205,0.185,0.0,0.103,0.19,0.0,0.218,0.375,0.073,0.089,0.249,0.0,0.103,0.298,0.126,0.126,0.243,0.073,0.103,0.169,0.0,0.073,0.215,0.126,0.312,0.462,0.192,0.363,0.436,0.052,0.261,0.512,0.211,0.333,0.479,0.153,0.244,0.243,0.089,0.184,0.333,0.126,
0.467,0.522,0.145,0.313,0.423,0.0,0.269,0.428,0.115,0.328,0.551,0.145,0.226,0.448,0.0,0.196,0.506,0.176,0.275,0.452,0.136,0.291,0.319,0.052,0.221,0.404,0.191,0.644,0.973,0.277,0.819,1.128,0.103,0.685,1.25,0.435,0.597,0.733,0.197,0.581,0.785,0.115,0.391,0.726,0.262,
